1-1-1 50 1 1 
1-1-1 50 1 1 
1-1-1 50 1 1 
4-3-1 33 15 77 
4-3-1 33 15 77 
4-3-1 33 15 77 
4-4-0 34 16 80 
4-4-0 34 16 80 
4-4-0 34 16 80 
5-0-0 100 9 86 
5-0-0 100 9 86 
5-0-0 100 9 86 
5-0-1 30 10 110 
5-0-1 30 10 110 
5-0-1 30 10 110 
5-0-2 40 12 140 
5-0-2 40 12 140 
5-0-2 40 12 140 
5-1-0 30 10 120 
5-1-0 30 10 120 
5-1-0 30 10 120 
5-1-1 50 20 150 
5-1-1 50 20 150 
5-1-1 50 20 150 
5-1-2 60 30 180 
5-1-2 60 30 180 
5-1-2 60 30 180 
5-1-3 100 100 100 
5-1-3 100 100 100 
5-1-3 100 100 100 
5-2-0 50 20 170 
5-2-0 50 20 170 
5-2-0 50 20 170 
5-2-1 70 30 210 
5-2-1 70 30 210 
5-2-1 70 30 210 
5-2-2 90 40 250 
5-2-2 90 40 250 
5-2-2 90 40 250 
5-3-0 80 30 250 
5-3-0 80 30 250 
5-3-0 80 30 250 
5-3-1 110 40 300 
5-3-1 110 40 300 
5-3-1 110 40 300 
5-3-3 100 65 79 
5-3-3 100 65 79 
5-3-3 100 65 79 
5-5-4 9 59 69 
5-5-4 9 59 69 
5-5-4 9 59 69 
5-5-5 100 100 100 
5-5-5 100 100 100 
5-5-5 100 100 100 